   2.5933333e+00   8.9333333e-01  -4.0153251e+00
   4.2333333e+00   7.7000000e-01  -9.4955934e-01
   3.7933333e+00   4.7333333e-01   1.2429110e+00
   3.5333333e+00   6.8000000e-01   1.3815778e+00
   3.8333333e+00   2.5000000e-01   2.1659077e+00
   3.5000000e+00   9.7666667e-01   9.9348589e-03
   4.4200000e+00   5.6666667e-01   2.9637288e+00
   3.0666667e+00   5.7000000e-01   1.8687664e+00
   4.0800000e+00   7.5666667e-01  -1.1956576e+00
   2.6200000e+00   6.8666667e-01  -2.6400156e+00
   4.0400000e+00   5.1000000e-01   9.7639336e-02
   3.4666667e+00   9.7000000e-01   1.4106155e-01
   3.7666667e+00   7.6666667e-01  -9.2632951e-02
   3.8533333e+00   5.9333333e-01   3.5492654e-01
   3.0866667e+00   5.2333333e-01   2.1882512e+00
   4.1000000e+00   3.8333333e-01   6.5813848e-01
   3.9600000e+00   7.2000000e-01  -7.2495924e-01
   3.6400000e+00   1.1000000e-01   3.7976085e+00
   2.7066667e+00   2.6333333e-01   5.1424177e-01
   3.6066667e+00   9.7333333e-01  -3.7273725e-01
   2.6933333e+00   5.7666667e-01  -1.2043972e+00
   3.0066667e+00   8.6666667e-02   3.9784662e+00
   4.0466667e+00   9.2666667e-01  -1.9985745e+00
   4.1000000e+00   9.8666667e-01  -2.3585282e+00
   3.4933333e+00   2.9666667e-01   3.4306478e+00
   2.8400000e+00   4.9333333e-01   7.1775120e-01
   4.1600000e+00   8.8333333e-01  -1.7963378e+00
   4.2333333e+00   8.4000000e-01  -1.2995593e+00
   4.2333333e+00   1.7000000e-01   2.0504407e+00
   4.3933333e+00   8.0666667e-01   1.0320618e+00
   4.2533333e+00   5.3666667e-01   3.4957637e-01
   2.8333333e+00   2.0000000e-01   2.1242537e+00
   4.3800000e+00   5.8333333e-01   1.8387712e+00
   3.5533333e+00   8.9000000e-01   2.5846531e-01
   4.2400000e+00   3.3333333e-01   1.2748484e+00
   3.9866667e+00   4.1000000e-01   7.3591707e-01
   4.4866667e+00   9.8666667e-01   3.6317514e+00
   3.7333333e+00   8.7666667e-01  -4.7857628e-01
   4.3400000e+00   6.2000000e-01   9.0402242e-01
   2.8133333e+00   2.1000000e-01   1.8888662e+00
   2.8933333e+00   8.7000000e-01  -7.1423425e-01
   4.3266667e+00   6.1666667e-01   7.2015800e-01
   4.3666667e+00   3.0333333e-01   2.9606807e+00
   2.8200000e+00   2.5000000e-01   1.7514735e+00
   3.3733333e+00   5.0333333e-01   2.6637816e+00
   2.9600000e+00   4.5333333e-01   1.8563370e+00
   2.8600000e+00   8.7000000e-01  -9.9004427e-01
   3.5266667e+00   6.6000000e-01   1.5049627e+00
   4.4333333e+00   6.3333333e-01   3.0620778e+00
   3.4800000e+00   7.2000000e-01   1.3536962e+00
   3.5666667e+00   8.3666667e-01   4.7404330e-01
   2.6200000e+00   2.0000000e-01  -2.0668224e-01
   2.8133333e+00   2.2333333e-01   1.8221996e+00
   4.4000000e+00   9.8000000e-01   3.3350627e-01
   3.1800000e+00   3.6333333e-01   3.2838681e+00
   3.3600000e+00   3.6666667e-01   3.3630289e+00
   3.1466667e+00   3.5333333e-01   3.2482980e+00
   4.1800000e+00   7.9333333e-01  -1.2979096e+00
   3.5333333e+00   5.9333333e-01   1.8149112e+00
   2.9000000e+00   5.9666667e-01   7.0504807e-01
   3.1733333e+00   4.0666667e-01   3.0518494e+00
   3.6733333e+00   3.4333333e-01   2.4772670e+00
   4.2466667e+00   2.5333333e-01   1.7189647e+00
   2.9666667e+00   9.0000000e-01  -3.3307957e-01
   2.9666667e+00   5.2666667e-01   1.5335871e+00
   3.9333333e+00   8.0666667e-01  -1.0584583e+00
   2.9466667e+00   4.8000000e-01   1.6325279e+00
   4.0200000e+00   5.8333333e-01  -2.2415831e-01
   4.4000000e+00   6.7666667e-01   1.8501729e+00
   4.2866667e+00   2.5333333e-01   2.0547380e+00
   3.9133333e+00   4.4333333e-01   8.3904541e-01
   4.1933333e+00   8.8000000e-01  -1.6881382e+00
   4.3800000e+00   4.8333333e-01   2.3387712e+00
   4.3133333e+00   7.4333333e-01  -9.2577307e-02
   4.2666667e+00   9.3000000e-01  -1.5125356e+00
   3.2266667e+00   3.1000000e-01   3.6336381e+00
   3.1066667e+00   4.8666667e-01   2.4496528e+00
   3.6133333e+00   3.1333333e-01   2.8986716e+00
   4.2133333e+00   5.0000000e-01   2.9435710e-01
   3.8200000e+00   5.6000000e-01   6.7985385e-01
   4.0266667e+00   8.7666667e-01  -1.7067824e+00
   3.8066667e+00   9.4333333e-01  -1.1722029e+00
   2.8600000e+00   7.0666667e-01  -1.7337760e-01
   2.9600000e+00   1.1000000e-01   3.5730037e+00
   3.1000000e+00   8.5666667e-01   5.7452719e-01
   3.5866667e+00   2.9666667e-01   3.0941337e+00
   4.0666667e+00   5.4666667e-01  -1.3045144e-01
   3.7533333e+00   7.1333333e-01   2.3974398e-01
   3.0666667e+00   3.2666667e-01   3.0854331e+00
   3.9600000e+00   6.8000000e-01  -5.2495924e-01
   3.6200000e+00   9.8333333e-01  -4.8026982e-01
   4.1066667e+00   8.1333333e-01  -1.4933149e+00
   3.3466667e+00   9.4333333e-01   4.9263647e-01
   3.2266667e+00   9.3666667e-01   5.0030479e-01
   3.8200000e+00   6.3666667e-01   2.9652051e-01
   3.8333333e+00   8.7333333e-01  -9.5075901e-01
   2.8933333e+00   7.0000000e-01   1.3576575e-01
   3.9266667e+00   6.1000000e-01  -4.8702769e-02
   4.0733333e+00   9.2333333e-01  -2.0220206e+00
   3.4600000e+00   7.9666667e-01   1.0255047e+00
   3.2333333e+00   6.3333333e-01   2.0254024e+00
   3.3466667e+00   4.9666667e-01   2.7259698e+00
   4.4400000e+00   7.4666667e-01   2.7303703e+00
   3.6333333e+00   3.6000000e-01   2.5775180e+00
   3.7933333e+00   8.7000000e-01  -7.4042235e-01
   4.2800000e+00   5.6666667e-01   4.2294230e-01
   3.6333333e+00   5.5000000e-01   1.6275180e+00
   3.0066667e+00   5.6333333e-01   1.5951329e+00
   3.6933333e+00   4.3333333e-01   1.9322955e+00
   3.3733333e+00   5.4666667e-01   2.4471150e+00
   2.5933333e+00   9.8000000e-01  -4.4486584e+00
   3.9400000e+00   5.0000000e-01   4.4901128e-01
   3.4066667e+00   5.7666667e-01   2.2447139e+00
   4.0133333e+00   5.7333333e-01  -1.5724745e-01
   3.4733333e+00   8.3666667e-01   7.8934430e-01
   4.4800000e+00   6.5666667e-01   4.9232212e+00
   3.4200000e+00   5.7000000e-01   2.2522063e+00
   3.4333333e+00   9.7333333e-01   2.0701030e-01
   4.3200000e+00   8.5333333e-01  -5.5539468e-01
   3.4666667e+00   6.4666667e-01   1.7577282e+00
   3.9333333e+00   7.7666667e-01  -9.0845828e-01
   3.3266667e+00   7.3666667e-01   1.5396850e+00
   3.4600000e+00   8.1666667e-01   9.2550469e-01
   4.1466667e+00   8.5666667e-01  -1.6853151e+00
   3.4266667e+00   7.6333333e-01   1.2716067e+00
   4.1133333e+00   8.4333333e-01  -1.6432678e+00
   3.7133333e+00   4.6666667e-01   1.6690915e+00
   4.2266667e+00   6.2000000e-01  -2.3770570e-01
   3.8133333e+00   5.2000000e-01   9.1208590e-01
   4.2800000e+00   6.7000000e-01  -9.3724366e-02
   3.8133333e+00   8.7333333e-01  -8.5458076e-01
   4.3800000e+00   5.0666667e-01   2.2221045e+00
   2.8200000e+00   3.5333333e-01   1.2348068e+00
   4.1133333e+00   7.9666667e-01  -1.4099344e+00
   3.5800000e+00   8.8000000e-01   2.0452377e-01
   2.9600000e+00   4.6333333e-01   1.8063370e+00
   3.2333333e+00   7.0333333e-01   1.6754024e+00
   3.4866667e+00   5.9666667e-01   1.9507939e+00
   4.1133333e+00   9.7000000e-01  -2.2766011e+00
   4.1600000e+00   7.6000000e-01  -1.1796711e+00
   3.4733333e+00   2.1000000e-01   3.9226776e+00
   3.7800000e+00   7.1000000e-01   1.2504028e-01
   3.4466667e+00   9.4333333e-01   3.2586311e-01
   4.0333333e+00   5.3333333e-01  -5.0841799e-03
   4.2066667e+00   6.1333333e-01  -3.0230209e-01
   3.8333333e+00   8.0333333e-01  -6.0075901e-01
   4.4466667e+00   6.7666667e-01   3.3292872e+00
   3.8800000e+00   8.8666667e-01  -1.2335968e+00
   3.8866667e+00   6.2333333e-01   5.3449769e-02
   3.7933333e+00   7.1666667e-01   2.6244312e-02
   3.4333333e+00   8.0000000e-01   1.0736770e+00
   3.7800000e+00   3.0333333e-01   2.1583736e+00
   4.4066667e+00   4.1000000e-01   3.3610841e+00
   4.2400000e+00   5.9000000e-01  -8.4849709e-03
   3.5533333e+00   4.8000000e-01   2.3084653e+00
   3.7333333e+00   2.9666667e-01   2.4214237e+00
   4.3600000e+00   6.0666667e-01   1.3158679e+00
   3.9466667e+00   3.5333333e-01   1.1570660e+00
   3.7200000e+00   6.7333333e-01   6.0330590e-01
   4.0266667e+00   5.9333333e-01  -2.9011571e-01
   3.7133333e+00   8.3666667e-01  -1.8090848e-01
   3.5733333e+00   5.4000000e-01   1.9311645e+00
   4.2533333e+00   6.4000000e-01  -1.6709029e-01
   3.7533333e+00   9.9000000e-01  -1.1435894e+00
   3.8733333e+00   8.6666667e-01  -1.1036163e+00
   4.2466667e+00   6.7000000e-01  -3.6436860e-01
   3.6266667e+00   5.0000000e-01   1.9071188e+00
   3.7400000e+00   6.8666667e-01   4.3869418e-01
   4.2666667e+00   6.6333333e-01  -1.7920229e-01
   4.2333333e+00   5.0333333e-01   3.8377399e-01
   3.4600000e+00   4.8000000e-01   2.6088380e+00
   4.3400000e+00   8.3333333e-01  -1.6264425e-01
   4.0333333e+00   9.5333333e-01  -2.1050842e+00
   4.2200000e+00   3.4333333e-01   1.1103009e+00
   3.6733333e+00   9.1333333e-01  -3.7273299e-01
   3.7266667e+00   6.6666667e-01   6.0407772e-01
   3.6933333e+00   9.1666667e-01  -4.8437119e-01
   3.7000000e+00   4.6666667e-01   1.7336025e+00
   3.9533333e+00   1.1000000e-01   2.3490666e+00
   3.8466667e+00   8.4333333e-01  -8.6387734e-01
   4.4266667e+00   7.7333333e-01   2.1401461e+00
   4.1200000e+00   6.9333333e-01  -8.9166837e-01
   4.0533333e+00   6.9666667e-01  -8.6035401e-01
   3.7600000e+00   7.0666667e-01   2.4022497e-01
   4.4533333e+00   7.7000000e-01   3.1265209e+00
   3.9600000e+00   7.3666667e-01  -8.0829257e-01
   4.0666667e+00   9.1666667e-01  -1.9804514e+00
   3.8666667e+00   3.8333333e-01   1.3433683e+00
   3.6066667e+00   3.6666667e-01   2.6605961e+00
   2.8933333e+00   6.5333333e-01   3.6909908e-01
   3.7800000e+00   7.1000000e-01   1.2504028e-01
   3.9466667e+00   9.7000000e-01  -1.9262673e+00
   4.0000000e+00   9.9666667e-01  -2.2373697e+00
   3.8000000e+00   9.8333333e-01  -1.3396992e+00
   3.7666667e+00   8.4666667e-01  -4.9263295e-01
   4.1266667e+00   3.2666667e-01   9.4487016e-01
   3.8733333e+00   7.5000000e-01  -5.2028296e-01
   3.7266667e+00   3.6333333e-01   2.1207444e+00
   4.4733333e+00   2.6333333e-01   6.5534138e+00
   4.3000000e+00   5.2666667e-01   8.3061006e-01
   4.3266667e+00   4.9333333e-01   1.3368247e+00
   3.3600000e+00   8.6666667e-02   4.7630289e+00
   2.8400000e+00   5.3333333e-01   5.1775120e-01
   4.4000000e+00   8.9333333e-01   7.6683960e-01
   3.4666667e+00   2.5000000e-01   3.7410616e+00
   4.1800000e+00   4.4333333e-01   4.5209037e-01
   4.4066667e+00   5.7666667e-01   2.5277508e+00
   3.2266667e+00   3.6666667e-01   3.3503048e+00
   4.2733333e+00   7.2333333e-01  -4.2165205e-01
   4.0600000e+00   8.6000000e-01  -1.6876598e+00
   4.1466667e+00   7.4666667e-01  -1.1353151e+00
   4.3866667e+00   9.7666667e-01   2.2872800e-02
   3.4933333e+00   9.6000000e-01   1.1398112e-01
   3.9933333e+00   8.4000000e-01  -1.4344695e+00
   2.9600000e+00   7.7666667e-01   2.3967035e-01
   4.3200000e+00   3.3333333e-01   2.0446053e+00
   4.1666667e+00   9.5666667e-01  -2.1489261e+00
   3.9400000e+00   7.9333333e-01  -1.0176554e+00
   3.9866667e+00   7.5333333e-01  -9.8074960e-01
   4.0933333e+00   8.8000000e-01  -1.8222910e+00
   4.0133333e+00   8.1000000e-01  -1.3405808e+00
   4.4133333e+00   9.0666667e-01   1.0653875e+00
   4.1000000e+00   8.7666667e-01  -1.8085282e+00
   4.0266667e+00   3.6666667e-01   8.4321762e-01
   4.1933333e+00   9.6333333e-01  -2.1048048e+00
   4.0133333e+00   9.5000000e-01  -2.0405808e+00
   4.2600000e+00   7.1333333e-01  -4.8319038e-01
   3.9933333e+00   8.8666667e-01  -1.6678029e+00
   4.2600000e+00   6.5333333e-01  -1.8319038e-01
   2.8133333e+00   2.9666667e-01   1.4555329e+00
   3.5000000e+00   8.5333333e-01   6.2660153e-01
   4.1400000e+00   4.4333333e-01   3.7298830e-01
   3.5333333e+00   4.6333333e-01   2.4649112e+00
   3.4066667e+00   3.2666667e-01   3.4947139e+00
   4.3466667e+00   9.1333333e-01  -4.5379848e-01
   3.9333333e+00   9.8666667e-01  -1.9584583e+00
   4.3133333e+00   8.2000000e-01  -4.7591064e-01
   4.2000000e+00   8.2666667e-01  -1.3964373e+00
   3.6133333e+00   8.2333333e-01   3.4867161e-01
   4.0333333e+00   8.2666667e-01  -1.4717508e+00
   4.2933333e+00   9.2000000e-01  -1.2094316e+00
   3.6733333e+00   6.6000000e-01   8.9393368e-01
   3.6400000e+00   8.2000000e-01   2.4760845e-01
   4.4933333e+00   2.5333333e-01   7.6809513e+00
   3.8133333e+00   9.1000000e-01  -1.0379141e+00
   4.2200000e+00   7.5666667e-01  -9.5636580e-01
   4.3666667e+00   9.4000000e-01  -2.2265267e-01
   4.0600000e+00   9.6666667e-01  -2.2209931e+00
   4.3600000e+00   6.1000000e-01   1.2992013e+00
   4.4600000e+00   5.1000000e-01   4.7065376e+00
   2.8200000e+00   8.7000000e-01  -1.3485265e+00
   4.0733333e+00   4.5333333e-01   3.2797945e-01
   4.4666667e+00   9.0333333e-01   3.0372593e+00
   4.1466667e+00   9.9000000e-01  -2.3519818e+00
   3.4800000e+00   5.2000000e-01   2.3536962e+00
   3.6333333e+00   5.2333333e-01   1.7608513e+00
   4.4133333e+00   9.3333333e-01   9.3205421e-01
   4.1200000e+00   4.8333333e-01   1.5833163e-01
   3.9533333e+00   5.6333333e-01   8.2399907e-02
   3.3600000e+00   7.5333333e-01   1.4296956e+00
   2.9666667e+00   5.9666667e-01   1.1835871e+00
   4.0466667e+00   7.4333333e-01  -1.0819078e+00
   3.0066667e+00   2.2333333e-01   3.2951329e+00
   4.3600000e+00   5.7333333e-01   1.4825346e+00
   4.3333333e+00   5.0666667e-01   1.3676555e+00
   4.3866667e+00   7.0000000e-01   1.4062061e+00
   3.1466667e+00   7.5333333e-01   1.2482980e+00
   4.1466667e+00   6.8666667e-01  -8.3531511e-01
   3.8066667e+00   8.0666667e-01  -4.8886961e-01
   3.8666667e+00   9.7333333e-01  -1.6066317e+00
   3.6133333e+00   9.8333333e-01  -4.5132839e-01
   4.1000000e+00   6.4666667e-01  -6.5852819e-01
   2.8600000e+00   9.7333333e-01  -1.5067109e+00
   3.8533333e+00   5.1000000e-01   7.7159321e-01
   3.9466667e+00   1.7000000e-01   2.0737327e+00
   3.7000000e+00   7.6666667e-01   2.3360253e-01
   4.0400000e+00   5.0000000e-01   1.4763934e-01
   4.3533333e+00   6.2000000e-01   1.1278220e+00
   3.3266667e+00   5.6666667e-01   2.3896850e+00
   4.1000000e+00   5.7000000e-01  -2.7519486e-01
   4.2466667e+00   7.2000000e-01  -6.1436860e-01
   4.2400000e+00   6.9333333e-01  -5.2515164e-01
   4.4866667e+00   6.1666667e-01   5.4817514e+00
   3.5800000e+00   5.9333333e-01   1.6378571e+00
   3.8200000e+00   5.3666667e-01   7.9652051e-01
   4.3000000e+00   9.3000000e-01  -1.1860566e+00
   4.4800000e+00   4.7333333e-01   5.8398879e+00
   4.2133333e+00   7.6333333e-01  -1.0223096e+00
   3.4200000e+00   4.9666667e-01   2.6188730e+00
   4.2400000e+00   5.3666667e-01   2.5818170e-01
   4.2200000e+00   9.9333333e-01  -2.1396991e+00
   2.9466667e+00   8.7666667e-01  -3.5080542e-01
   4.0800000e+00   9.1333333e-01  -1.9789910e+00
   3.4666667e+00   9.2666667e-01   3.5772822e-01
   3.4866667e+00   8.1000000e-01   8.8412726e-01
   2.6933333e+00   9.8666667e-01  -3.2543972e+00
   3.1000000e+00   8.8000000e-01   4.5786052e-01
   4.0733333e+00   3.1333333e-01   1.0279794e+00
   4.4200000e+00   7.7333333e-01   1.9303954e+00
   3.8000000e+00   5.2333333e-01   9.6030082e-01
   4.5000000e+00   1.0000000e+00   4.3563449e+00
